snp-dists 0.8.2	Met4847	Met4853	Met4860	Met4861	Met4873	Met4880	Met5664	Met5668	Met5673	Met5678	Met5680	Met5682	Met5694	Met5696	Met5700	Met5701	Met5709	Met5712	Met5722	Met5723	Met5727	Met5734	Met5737	Met5739	Met5740	Met5742	Met5746	Met5749	Met5750	Met5752	Met5753	Met5754	Met5755	Met5762	Met5763	Met5764	Met5766	Met5769	Met5776	Met5778	Met5781	Met5782	Met5787	Met5788	Met5789	Met5796	Met5798	Met5799	Met5800	Met5801	Met5804	Met5805	Met5806	Met6291	Met7489	Met7502	Met7520	Met7521	Met7522	Met7523	Met7524	Met7526	Met8572	Met8574	Met8578	Met8579	Met8580	Met8583	Met8586	Met8592	Met8596	Met8597	Met8602	Met8603	Met8605	Met8610	Met8611	Met8612	Met8616	Met8623	Met8625	Met8626	Met8638	Met8639	Met8641	Met8644	Met8646	Met8649	Met8650	Met8651	Met8653	Met8654	Met8655	Met8661	Met8662	Met8665	Met8699	Met8703	Met8721	Met8727	Met8730	Met8732	Reference
Met4847	0	7	150	208	947	7	1535	307	1185	280	82	3871	3509	290	873	347	5145	145	252	743	11	10	131	13	25	5885	196	264	1064	21	59	5685	95	80	4872	4984	3998	749	346	3455	112	110	4960	4941	837	2	29	169	4934	6006	4956	5857	707	245	174	508	282	573	730	69	29	816	7	10	333	347	707	1431	5858	354	1004	446	185	51	322	4029	1321	312	270	6	28	15	4817	4885	5358	6005	5918	190	13	6	265	17	1327	2500	975	822	1165	4893	2611	331	822	539	5875
Met4853	7	0	62	34	14	24	3997	18	836	17	16	545	448	10	27	9	4362	50	39	77	10	13	250	10	31	4930	113	29	132	8	33	4789	41	3	4477	4602	3891	34	10	3246	141	207	757	750	12	2	19	6	736	5057	762	4909	99	19	10	15	16	24	10	64	13	9	4	10	258	226	387	1004	4924	10	53	10	222	11	36	3765	1007	33	11	8	8	4	708	737	4484	5057	4964	52	12	8	10	19	4452	336	31	26	759	4522	2152	12	29	19	4906
Met4860	150	62	0	10	1830	1028	2948	151	212	198	128	243	232	71	1739	125	1476	434	94	71	59	129	407	157	125	1689	94	81	84	53	99	1688	22	59	1329	2994	2791	1527	259	1056	35	33	316	309	1764	1072	864	66	322	1751	311	1690	98	707	84	1172	352	1240	1624	116	1047	1720	60	1063	18	27	52	106	1698	103	1870	372	192	170	200	1179	478	201	51	55	145	196	303	308	1560	1751	1703	102	72	203	817	93	3223	185	1837	1715	137	2985	781	231	1763	1154	1711
Met4861	208	34	10	0	169	3592	3561	11	146	47	59	6	26	10	122	24	11	133	34	26	58	260	873	93	88	10	22	62	52	18	19	7	2	5	3835	3906	3862	82	18	3094	1	2	95	84	169	3832	2975	19	67	10	95	12	11	59	12	96	23	58	107	1	3652	123	22	3757	1	4	3	4	11	49	232	75	75	24	82	3375	1082	86	16	57	164	379	32	52	12	10	11	48	35	317	114	61	3804	9	198	100	154	3792	1	52	189	70	106
Met4873	947	14	1830	169	0	10022	11450	9	6802	1	11	10638	8088	27	38	9	12760	90	693	5759	10	930	7065	8	362	13757	3851	4270	6483	5332	5784	13614	4115	10	13050	13334	12114	96	24	11108	3306	3716	13247	13211	16	13370	10583	15	13157	13975	13228	13694	870	19	72	10	38	80	8	6929	12973	15	9	11032	4006	3196	2471	6644	13772	8	14	6	1095	60	37	11853	2503	21	5	2887	6816	5913	12896	13088	12945	13977	13867	2871	3531	1219	2	335	12978	5554	10	46	6638	13196	9103	5	28	41	13799
Met4880	7	24	1028	3592	10022	0	10805	5286	5999	5070	4029	10101	9793	5075	9588	5459	12023	5454	4077	4623	48	27	601	34	315	13010	4517	2927	5673	40	139	12512	253	2692	11998	12192	8014	8320	5415	7787	2972	3341	12007	11969	9175	12	66	3828	11976	13189	11986	12975	5794	6061	4546	6709	4188	6595	8099	61	69	8893	15	23	3685	3642	5124	6292	13030	5443	10102	6015	4598	3240	5395	9698	6724	5410	4457	27	31	26	11752	11870	11815	13189	13102	1162	12	14	2353	61	10883	8337	10052	9240	5928	12050	6219	5327	8744	5969	13062
Met5664	1535	3997	2948	3561	11450	10805	0	5633	6122	5419	18	10363	9915	5315	11036	5792	11163	13	4314	5238	66	4492	6255	5640	24	12910	51	4200	5754	4705	5059	12702	4350	1418	12147	12339	11018	9699	5737	10264	82	44	12068	12041	10990	11959	10183	4129	12042	13037	12070	12891	6009	6835	4786	7247	5895	8617	10551	6203	11621	10927	4087	11231	609	1822	5030	6207	12912	5790	11525	6483	26	23	5763	11061	7162	5758	4526	4097	5844	5997	11835	11957	12231	13038	12986	5649	4945	5938	7710	200	11834	8567	11474	10743	6020	12229	8817	5917	11005	8694	12939
Met5668	307	18	151	11	9	5286	5633	0	195	7	7	5181	4401	31	23	12	5745	71	8	106	16	412	2130	14	126	6452	973	149	104	79	66	6333	336	16	6047	6463	5886	27	11	4876	57	509	6538	6513	9	6366	5059	10	6482	6553	6531	6434	532	19	20	11	18	41	5	1879	6204	9	21	5614	65	64	642	1758	6461	16	26	19	12	24	36	5358	1338	37	5	149	187	620	6352	6457	6012	6551	6481	1052	1062	587	13	118	6294	3062	13	29	114	6378	3631	8	36	22	6437
Met5673	1185	836	212	146	6802	5999	6122	195	0	43	182	5273	5032	1573	6459	1877	6124	2130	7	146	545	1241	2283	1991	776	6843	1283	10	149	150	162	6786	486	848	104	5915	5321	5630	2089	25	88	76	6486	6458	6497	6683	5467	218	6459	7012	6475	6814	2203	2921	1278	4684	1372	4654	5925	2084	6497	6371	979	6232	38	42	103	75	6854	1901	6868	2644	232	727	35	20	23	40	153	318	315	905	6324	6395	6352	7013	6881	2010	1453	2171	3862	992	6441	4052	6745	6278	57	5847	3929	242	6525	4639	6837
Met5678	280	17	198	47	1	5070	5419	7	43	0	10	4592	3898	21	17	10	6020	62	5	863	13	339	2049	19	82	6699	849	36	1193	1162	1293	6597	954	7	127	5348	4870	47	11	27	95	58	5816	5800	5	6224	4901	8	5782	6842	5821	6677	457	14	12	6	17	38	6	2032	5992	7	16	5492	78	49	61	123	6703	4	21	8	294	26	4	25	16	5	8	537	1639	1546	5636	5747	6233	6842	6735	953	964	489	11	105	5954	2682	4	23	80	5275	3768	1	24	17	6703
Met5680	82	16	128	59	11	4029	18	7	182	10	0	3849	3391	28	26	22	4189	7	12	82	10	302	1235	29	36	4845	59	108	94	70	60	4758	231	13	4752	4900	4488	36	10	3770	130	122	4871	4850	14	4669	3698	19	4826	4925	4869	4833	432	20	18	11	15	30	11	1109	4510	12	20	4266	135	53	436	1000	4849	20	46	22	1	12	37	4170	1128	44	52	122	163	492	4736	4802	4516	4926	4881	689	633	428	21	26	4711	2407	18	23	123	4807	2587	14	32	21	4828
Met5682	3871	545	243	6	10638	10101	10363	5181	5273	4592	3849	0	21	8	10290	10	10738	5410	3579	22	20	3938	5591	5255	3204	11749	11	15	21	4381	4710	11489	3973	20	10746	10946	9941	9302	1093	9105	2585	2926	35	35	10336	11149	9605	14	35	11798	33	11738	12	6224	14	8055	5326	8142	9839	5660	10955	10296	270	10492	3210	3246	4324	5376	11741	38	10769	912	4355	4122	5086	9872	6357	5090	4007	481	5450	4397	33	32	11102	11794	11785	22	12	4630	7015	3549	10707	20	10733	10128	5263	10846	8145	5179	10314	8163	11740
Met5694	3509	448	232	26	8088	9793	9915	4401	5032	3898	3391	21	0	9	7827	11	10974	4595	3191	27	24	3636	5439	4507	2965	11982	16	16	25	4262	4549	11801	3876	24	10430	10658	9639	6942	842	8787	2559	2921	25	23	7842	10942	9203	15	22	12147	23	11948	17	5076	19	6177	4426	6146	7482	5712	10636	7802	223	10238	3167	3113	4255	5380	11990	48	8222	665	3927	3569	4360	9456	5717	4365	3809	470	5223	4106	21	22	11308	12145	12065	20	14	3964	5534	3150	10385	9	8194	7594	5026	10540	8152	4403	7839	6201	12007
Met5696	290	10	71	10	27	5075	5315	31	1573	21	28	8	9	0	29	7	5762	67	89	12	8	312	1921	33	133	6469	12	16	17	1157	1307	6341	888	5	5892	6062	5545	50	15	4723	358	496	15	13	32	6186	4894	5	14	6593	16	6437	10	26	13	18	26	47	29	1911	5999	24	7	5532	598	566	630	1733	6473	5	62	10	424	34	40	5226	1320	35	20	105	1753	1254	16	14	5992	6591	6498	8	11	321	26	98	5840	8	42	39	1565	5985	3668	27	53	31	6446
Met5700	873	27	1739	122	38	9588	11036	23	6459	17	26	10290	7827	29	0	19	12118	86	647	5485	23	870	6728	35	360	13061	3696	4105	6206	5090	5519	12913	3884	29	12469	12788	11619	91	40	10664	3113	3529	12743	12709	48	12790	10195	34	12694	13248	12728	13017	805	56	62	44	51	95	34	6543	12459	48	21	10567	3778	3035	2279	6303	13083	25	69	39	1075	73	38	11385	2379	38	10	2751	6460	5632	12425	12616	12308	13250	13133	2785	3373	1140	37	318	12462	5354	34	66	6300	12689	8628	31	76	67	13074
Met5701	347	9	125	24	9	5459	5792	12	1877	10	22	10	11	7	19	0	6056	65	120	31	6	364	2163	22	150	6780	27	56	71	1326	1536	6647	976	8	6257	6484	5917	54	11	5059	451	552	19	20	14	6686	5265	6	12	6899	23	6739	9	21	6	13	22	42	9	2069	6456	10	9	5942	685	630	684	1864	6784	6	38	8	521	32	46	5552	1416	31	11	174	2072	1532	13	17	6281	6902	6815	7	20	378	15	106	6282	8	10	29	1876	6396	3857	14	36	22	6777
Met5709	5145	4362	1476	11	12760	12023	11163	5745	6124	6020	4189	10738	10974	5762	12118	6056	0	6091	4606	5536	3423	4982	6685	5994	3701	25	5014	4848	5692	1317	2823	26	50	4643	12441	12572	12510	10582	6416	10943	250	20	12499	12462	12354	12408	10354	4843	12476	33	12479	24	6544	7548	5200	10492	5389	9454	12095	12	11887	12162	4310	12291	12	240	13	14	23	6125	12835	7341	5045	4873	6006	11547	7944	6042	442	4317	5781	6716	12336	12328	22	33	22	7477	5536	6936	9560	4033	12396	9314	12753	11686	5900	12378	12	6292	12566	9599	218
Met5712	145	50	434	133	90	5454	13	71	2130	62	7	5410	4595	67	86	65	6091	0	314	1579	15	464	2276	68	27	7031	92	977	1911	1304	1501	6866	1048	24	6686	6864	6168	75	37	5395	181	144	6768	6750	85	6630	5269	46	6728	7116	6769	7010	570	64	44	62	57	63	76	2180	6411	71	44	5883	316	415	828	2076	7023	50	126	83	7	12	112	5920	1532	98	85	778	2042	1992	6581	6685	6566	7117	7072	1234	1175	673	83	33	6592	3218	101	61	2107	6756	4017	64	103	59	7021
Met5722	252	39	94	34	693	4077	4314	8	7	5	12	3579	3191	89	647	120	4606	314	0	35	27	318	1237	185	142	5219	504	7	32	35	39	5152	213	42	82	4352	3934	540	142	7	42	29	4531	4511	621	4704	3736	12	4492	5340	4527	5197	467	303	72	399	146	437	501	1161	4533	624	45	4297	31	9	62	68	5232	125	741	191	18	63	7	5	7	14	12	75	112	440	4397	4470	4829	5339	5255	577	501	491	272	130	4666	2250	699	620	11	4273	2732	31	621	437	5216
Met5723	743	77	71	26	5759	4623	5238	106	146	863	82	22	27	12	5485	31	5536	1579	35	0	11	784	1643	1315	498	6258	12	6	7	59	51	6166	384	15	5303	5825	5232	4881	572	4128	83	451	26	21	5549	5193	4256	6	19	6401	25	6233	21	2356	21	3756	1019	3905	5040	1737	5037	5411	89	4829	120	78	1090	1579	6266	59	5830	706	130	444	1306	4616	2213	1308	83	33	138	405	20	21	5799	6400	6302	9	7	1226	2820	581	5649	21	5787	5361	106	5716	3656	1422	5539	3837	6251
Met5727	11	10	59	58	10	48	66	16	545	13	10	20	24	8	23	6	3423	15	27	11	0	40	233	7	41	3962	14	13	19	16	30	3876	69	16	3579	3761	3311	67	12	2656	74	81	30	26	7	12	35	3	17	4094	36	3949	15	14	13	5	15	25	7	131	45	9	4	25	133	101	301	662	3964	5	47	6	20	12	39	3035	861	32	37	8	43	10	17	26	3620	4097	3996	5	5	9	5	20	3632	17	24	18	528	3666	1797	11	25	17	3934
Met5734	10	13	129	260	930	27	4492	412	1241	339	302	3938	3636	312	870	364	4982	464	318	784	40	0	5	15	4	5605	348	339	1053	27	81	5433	104	161	5052	5139	4227	711	324	3618	42	62	4998	4988	800	8	24	189	4981	5724	4997	5593	732	175	178	504	340	564	675	135	7	773	13	17	471	446	784	1347	5595	345	971	429	581	217	400	4217	1433	395	441	12	36	10	4875	4940	5093	5730	5649	168	25	6	158	20	4	2578	930	808	1219	5066	2582	386	743	515	5592
Met5737	131	250	407	873	7065	601	6255	2130	2283	2049	1235	5591	5439	1921	6728	2163	6685	2276	1237	1643	233	5	0	381	7	7472	822	948	2003	335	396	7263	397	970	7006	7008	5689	5819	2377	5039	19	51	6895	6871	6666	693	528	1219	6888	7621	6882	7448	2458	1466	1234	4627	2141	4656	6049	602	587	6480	253	625	960	937	1704	2350	7476	2185	7119	2835	1553	1235	2197	5894	3262	2200	1382	254	397	379	6729	6798	6808	7621	7541	1135	275	363	2457	239	7	4332	7073	6485	2219	6927	3701	2320	6518	4335	7487
Met5739	13	10	157	93	8	34	5640	14	1991	19	29	5255	4507	33	35	22	5994	68	185	1315	7	15	381	0	17	6677	1012	488	1839	37	68	6484	107	13	6525	6657	5401	79	20	4638	432	537	6669	6645	21	20	31	22	6622	6832	6655	6648	556	13	21	12	19	41	20	156	17	23	8	15	683	632	720	1882	6679	22	14	21	534	30	48	5443	1410	42	9	23	62	13	6474	6586	6062	6832	6725	164	36	11	11	20	6134	3097	20	44	1915	6567	2983	17	25	26	6678
Met5740	25	31	125	88	362	315	24	126	776	82	36	3204	2965	133	360	150	3701	27	142	498	41	4	7	17	0	4317	38	222	659	107	149	4192	141	48	3982	4062	3558	301	132	2948	27	7	4073	4055	335	412	319	93	4055	4404	4067	4307	499	92	78	206	113	235	288	267	356	333	29	337	77	127	354	759	4310	149	383	190	15	9	126	3390	1015	125	115	48	156	147	3955	4002	3941	4403	4345	215	90	78	127	16	3	2072	378	334	746	3984	2036	103	333	215	4300
Met5742	5885	4930	1689	10	13757	13010	12910	6452	6843	6699	4845	11749	11982	6469	13061	6780	25	7031	5219	6258	3962	5605	7472	6677	4317	0	5890	5510	6412	1470	3177	16	55	5323	13469	13566	13505	11459	7156	11903	283	20	13596	13552	13335	13405	11241	5484	13574	19	13568	22	7288	8343	5866	11477	5987	10292	13086	11	12870	13160	4881	13261	11	278	13	14	20	6825	13826	8094	5924	5670	6696	12545	8761	6745	490	4893	6494	7478	13423	13390	21	19	20	8332	6234	7694	10440	4699	13454	10241	13760	12625	6612	13366	10	6998	13513	10414	244
Met5746	196	113	94	22	3851	4517	51	973	1283	849	59	11	16	12	3696	27	5014	92	504	12	14	348	822	1012	38	5890	0	46	18	831	958	5743	741	10	5089	5125	4585	3256	423	3995	57	54	17	15	3723	5119	4175	5	15	5990	12	5859	12	1138	9	2262	1196	2687	3435	1517	4950	3632	79	4773	171	295	889	1424	5877	41	3926	456	90	44	1035	4446	1971	1046	657	128	1306	1220	10	10	5466	5987	5911	3	1	1004	1899	71	2274	8	3896	3601	1302	5046	3346	1076	3700	2635	5865
Met5749	264	29	81	62	4270	2927	4200	149	10	36	108	15	16	16	4105	56	4848	977	7	6	13	339	948	488	222	5510	46	0	21	52	67	5430	252	23	83	4100	3612	3584	452	6	96	94	38	17	4119	3337	2700	4	14	5661	33	5495	21	1505	34	2723	769	2846	3744	1101	3253	4002	30	3091	88	16	121	97	5509	90	4343	604	160	259	15	6	8	21	141	31	92	261	26	28	5069	5661	5563	23	20	472	1815	228	4403	12	4313	3987	19	4020	2898	126	4122	2710	5501
Met5750	1064	132	84	52	6483	5673	5754	104	149	1193	94	21	25	17	6206	71	5692	1911	32	7	19	1053	2003	1839	659	6412	18	21	0	70	55	6326	425	29	6123	6289	5718	5471	683	4871	120	543	27	19	6246	6301	5163	8	20	6557	26	6391	42	2721	31	4344	1185	4416	5710	1932	6125	6112	130	5895	149	89	1240	1720	6425	103	6566	840	136	607	1733	5405	2745	1742	98	44	172	529	18	18	5955	6560	6465	12	9	1732	3429	822	6061	21	6487	6034	111	6194	3815	1859	6260	4432	6410
Met5752	21	8	53	18	5332	40	4705	79	150	1162	70	4381	4262	1157	5090	1326	1317	1304	35	59	16	27	335	37	107	1470	831	52	70	0	9	1399	17	458	5289	5268	4879	4477	1586	3993	24	113	5357	5335	5104	23	14	507	5334	1483	5349	1465	1606	2183	939	3558	842	3450	4675	6	11	4969	15	27	17	17	295	417	1471	1350	5377	1951	79	402	1303	4622	2278	1299	18	5	13	11	5268	5293	1323	1483	1475	860	14	23	2339	16	5191	3332	5333	4938	76	5211	689	1411	5136	3270	1544
Met5753	59	33	99	19	5784	139	5059	66	162	1293	60	4710	4549	1307	5519	1536	2823	1501	39	51	30	81	396	68	149	3177	958	67	55	9	0	3068	23	529	5778	5711	5015	4860	1767	4234	43	220	5753	5734	5500	125	90	539	5722	3208	5740	3171	1828	2418	1086	3792	916	3716	4969	32	100	5373	45	126	23	35	638	910	3181	1558	5824	2173	72	432	1549	4977	2546	1559	24	23	23	38	5645	5691	2900	3207	3182	893	46	68	2372	43	5573	3609	5781	5369	72	5647	1478	1655	5486	3521	3222
Met5754	5685	4789	1688	7	13614	12512	12702	6333	6786	6597	4758	11489	11801	6341	12913	6647	26	6866	5152	6166	3876	5433	7263	6484	4192	16	5743	5430	6326	1399	3068	0	43	5203	13301	13376	13295	11270	7022	11683	270	17	13393	13349	13179	12885	10795	5358	13376	8	13370	22	7155	8200	5745	11305	5839	10123	12911	1	12363	12994	4713	12742	9	272	11	12	20	6712	13689	7993	5798	5486	6543	12306	8606	6573	492	4735	6318	7229	13208	13180	22	8	9	8096	6008	7434	10271	4534	13259	10032	13588	12459	6501	13206	0	6856	13364	10236	259
Met5755	95	41	22	2	4115	253	4350	336	486	954	231	3973	3876	888	3884	976	50	1048	213	384	69	104	397	107	141	55	741	252	425	17	23	43	0	379	4768	4812	4703	3456	1214	3717	10	12	4827	4819	3965	245	174	484	4811	47	4821	56	1287	1709	736	2807	757	2682	3695	4	208	3858	43	242	7	15	13	17	56	1011	4156	1495	335	420	1002	4209	1952	1014	17	32	60	80	4754	4763	53	49	50	842	81	118	1991	53	4722	2950	4114	3823	442	4734	27	1076	4006	2581	130
Met5762	80	3	59	5	10	2692	1418	16	848	7	13	20	24	5	29	8	4643	24	42	15	16	161	970	13	48	5323	10	23	29	458	529	5203	379	0	4403	4660	4161	51	9	3423	104	158	28	31	14	3290	2563	2	23	5427	36	5291	15	20	6	9	16	34	12	1047	3179	15	6	2915	207	240	405	1115	5322	5	32	10	83	19	22	3835	1023	20	9	46	651	535	22	34	4893	5426	5352	6	11	175	14	38	4549	16	22	28	830	4581	2762	6	31	19	5299
Met5763	4872	4477	1329	3835	13050	11998	12147	6047	104	127	4752	10746	10430	5892	12469	6257	12441	6686	82	5303	3579	5052	7006	6525	3982	13469	5089	83	6123	5289	5778	13301	4768	4403	0	11364	10290	10964	6391	146	109	97	12558	12523	12559	13191	11109	1888	12539	13641	12536	13429	6543	7657	5218	10122	6559	9800	12012	6825	12762	12417	4543	12409	101	167	128	98	13482	6260	13127	7113	5340	5134	89	145	112	91	4973	4540	6713	6807	12283	12422	12712	13639	13588	6267	5488	6784	8948	4571	12487	9031	13079	12119	197	11216	9156	382	12563	9783	13559
Met5764	4984	4602	2994	3906	13334	12192	12339	6463	5915	5348	4900	10946	10658	6062	12788	6484	12572	6864	4352	5825	3761	5139	7008	6657	4062	13566	5125	4100	6289	5268	5711	13376	4812	4660	11364	0	3	11240	6612	9734	2930	3315	12773	12737	12805	13335	11335	4337	12769	13701	12765	13525	6781	7830	5341	10448	6704	9946	12321	6954	12949	12664	4697	12538	3566	3501	4802	5772	13586	6490	13409	7335	5452	5261	5761	10366	7090	5779	5061	4632	6739	6900	12228	12611	12759	13703	13716	6417	5629	6966	9106	4661	12495	9247	13363	12324	5866	18	9510	5812	12813	10050	13669
Met5766	3998	3891	2791	3862	12114	8014	11018	5886	5321	4870	4488	9941	9639	5545	11619	5917	12510	6168	3934	5232	3311	4227	5689	5401	3558	13505	4585	3612	5718	4879	5015	13295	4703	4161	10290	3	0	10183	6020	8657	2868	3257	11632	11601	11607	8982	7741	3907	11636	13635	11627	13472	6173	7067	4885	9283	6061	8927	11103	6792	8723	11450	3995	8255	3526	3435	4777	5753	13523	5926	12183	6656	4895	4665	5248	9313	6355	5256	4982	3886	5404	5293	11100	11497	12703	13637	13645	5244	4505	5347	7806	3941	11261	8387	12145	11224	5285	25	9431	5303	11600	8947	13594
Met5769	749	34	1527	82	96	8320	9699	27	5630	47	36	9302	6942	50	91	54	10582	75	540	4881	67	711	5819	79	301	11459	3256	3584	5471	4477	4860	11270	3456	51	10964	11240	10183	0	56	9411	2721	3083	11236	11212	66	11137	9026	34	11238	11534	11229	11451	717	64	33	63	71	118	74	5746	11016	82	16	9200	3271	2735	1959	5500	11470	44	119	79	970	86	34	10166	1996	34	28	2358	5634	4863	10992	11144	10895	11534	11474	2382	2956	922	87	267	10978	4749	54	88	5514	11158	7689	33	93	79	11462
Met5776	346	10	259	18	24	5415	5737	11	2089	11	10	1093	842	15	40	11	6416	37	142	572	12	324	2377	20	132	7156	423	452	683	1586	1767	7022	1214	9	6391	6612	6020	56	0	5233	627	785	1401	1395	32	6764	5375	11	1390	7275	1404	7135	148	21	23	20	27	57	23	2373	6604	28	9	5967	889	817	769	2171	7162	13	29	18	502	36	16	5745	1381	18	4	378	2259	1754	1353	1380	6688	7273	7170	310	380	374	20	116	6505	596	30	50	2051	6556	4194	13	44	34	7131
Met5778	3455	3246	1056	3094	11108	7787	10264	4876	25	27	3770	9105	8787	4723	10664	5059	10943	5395	7	4128	2656	3618	5039	4638	2948	11903	3995	6	4871	3993	4234	11683	3717	3423	146	9734	8657	9411	5233	0	14	5	10677	10651	10652	8629	7353	1398	10664	12012	10656	11885	5314	6297	4210	8385	5314	8213	10109	5283	8359	10562	3300	8070	4	69	6	3	11913	5067	11177	5806	4243	4019	3	8	7	4	4053	3304	4752	4709	10445	10583	11221	12011	11971	4595	3861	4702	7008	3349	10590	7562	11139	10374	138	9656	7791	218	10681	8139	11920
Met5781	112	141	35	1	3306	2972	82	57	88	95	130	2585	2559	358	3113	451	250	181	42	83	74	42	19	432	27	283	57	96	120	24	43	270	10	104	109	2930	2868	2721	627	14	0	3	3288	3259	3190	3120	2461	126	3260	288	3277	276	648	812	262	2072	550	2154	2969	14	2984	3079	144	3106	2	2	2	2	272	457	3340	901	64	25	26	7	13	37	48	83	172	423	3204	3212	250	289	295	677	321	614	1603	45	59	1872	3315	3034	77	2857	131	129	3212	2092	390
Met5782	110	207	33	2	3716	3341	44	509	76	58	122	2926	2921	496	3529	552	20	144	29	451	81	62	51	537	7	20	54	94	543	113	220	17	12	158	97	3315	3257	3083	785	5	3	0	3707	3680	3591	3531	2797	228	3682	20	3700	16	804	901	359	2394	846	2479	3391	3	3385	3490	209	3500	2	3	2	2	9	580	3764	1070	85	31	26	3	9	38	42	210	563	800	3610	3613	15	20	23	881	439	761	1878	41	58	2161	3710	3416	102	3206	6	147	3644	2394	112
Met5787	4960	757	316	95	13247	12007	12068	6538	6486	5816	4871	35	25	15	12743	19	12499	6768	4531	26	30	4998	6895	6669	4073	13596	17	38	27	5357	5753	13393	4827	28	12558	12773	11632	11236	1401	10677	3288	3707	0	2	12847	13175	11186	16	7	13748	10	13548	33	7756	36	10050	6647	9891	12260	6892	12798	12695	386	12434	4035	3933	5394	6526	13604	76	13418	1219	5458	5207	6394	11415	7808	6411	5082	679	6717	5442	12	10	12837	13753	13704	17	16	5849	8843	4427	12421	24	13351	12360	6487	12604	9488	6539	12852	9957	13677
Met5788	4941	750	309	84	13211	11969	12041	6513	6458	5800	4850	35	23	13	12709	20	12462	6750	4511	21	26	4988	6871	6645	4055	13552	15	17	19	5335	5734	13349	4819	31	12523	12737	11601	11212	1395	10651	3259	3680	2	0	12818	13134	11152	7	6	13704	8	13508	32	7731	32	10019	6634	9863	12226	6858	12761	12662	379	12404	4012	3915	5370	6499	13561	76	13381	1213	5438	5188	6380	11387	7789	6398	5050	669	6687	5420	12	9	12794	13709	13661	11	13	5833	8816	4414	12381	24	13319	12328	6454	12577	9457	6525	12829	9938	13632
Met5789	837	12	1764	169	16	9175	10990	9	6497	5	14	10336	7842	32	48	14	12354	85	621	5549	7	800	6666	21	335	13335	3723	4119	6246	5104	5500	13179	3965	14	12559	12805	11607	66	32	10652	3190	3591	12847	12818	0	12398	9798	22	12779	13523	12829	13288	849	32	41	26	41	75	18	6694	12035	22	10	10126	3875	3095	2388	6465	13358	10	27	10	1015	65	30	11394	2384	31	8	2692	6367	5499	12512	12707	12566	13526	13433	2656	3348	1069	12	315	12461	5393	8	54	6363	12666	8820	18	37	51	13391
Met5796	2	2	1072	3832	13370	12	11959	6366	6683	6224	4669	11149	10942	6186	12790	6686	12408	6630	4704	5193	12	8	693	20	412	13405	5119	3337	6301	23	125	12885	245	3290	13191	13335	8982	11137	6764	8629	3120	3531	13175	13134	12398	0	59	4579	13146	13582	13149	13371	6935	7733	5527	9096	5184	8836	11116	38	27	12028	11	7	3875	3840	5423	6583	13423	6677	13453	7539	5254	3945	6559	10744	7911	6581	4789	11	6	1	12911	13026	12169	13582	13511	1891	6	3	3951	62	12063	9482	13395	12357	6573	13180	6428	6567	11936	8049	13456
Met5798	29	19	864	2975	10583	66	10183	5059	5467	4901	3698	9605	9203	4894	10195	5265	10354	5269	3736	4256	35	24	528	31	319	11241	4175	2700	5163	14	90	10795	174	2563	11109	11335	7741	9026	5375	7353	2461	2797	11186	11152	9798	59	0	3599	11166	11358	11159	11217	5508	6154	4409	7244	4130	7082	8850	3	65	9634	20	57	3078	3128	4286	5320	11256	5249	10638	5919	4224	3167	5183	9178	6358	5204	3732	27	38	36	10980	11054	10201	11356	11282	1514	23	29	3138	46	10360	7902	10593	9933	5361	11232	5317	5161	9491	6450	11231
Met5799	169	6	66	19	15	3828	4129	10	218	8	19	14	15	5	34	6	4843	46	12	6	3	189	1219	22	93	5484	5	4	8	507	539	5358	484	2	1888	4337	3907	34	11	1398	126	228	16	7	22	4579	3599	0	3	5583	11	5457	11	20	6	18	13	42	17	1312	4448	17	5	4107	176	120	325	837	5468	2	50	10	175	18	11	1561	368	10	17	50	704	598	7	6	5046	5581	5510	3	7	236	18	58	4574	10	33	28	224	4262	2972	14	40	27	5460
Met5800	4934	736	322	67	13157	11976	12042	6482	6459	5782	4826	35	22	14	12694	12	12476	6728	4492	19	17	4981	6888	6622	4055	13574	15	14	20	5334	5722	13376	4811	23	12539	12769	11636	11238	1390	10664	3260	3682	7	6	12779	13146	11166	3	0	13728	10	13526	20	7730	34	10001	6608	9855	12209	6862	12768	12629	373	12407	4006	3920	5369	6495	13580	57	13330	1157	5418	5176	6367	11402	7792	6378	5029	665	6710	5414	13	10	12810	13733	13680	15	10	5825	8782	4417	12424	19	13288	12312	6429	12589	9463	6500	12783	9905	13651
Met5801	6006	5057	1751	10	13975	13189	13037	6553	7012	6842	4925	11798	12147	6593	13248	6899	33	7116	5340	6401	4094	5724	7621	6832	4404	19	5990	5661	6557	1483	3208	8	47	5427	13641	13701	13635	11534	7275	12012	288	20	13748	13704	13523	13582	11358	5583	13728	0	13725	24	7438	8464	5968	11641	6071	10405	13266	6	13038	13323	4985	13430	12	286	13	16	22	6973	14045	8277	5991	5696	6780	12631	8871	6805	514	4983	6618	7610	13561	13541	24	0	0	8448	6344	7846	10628	4782	13613	10336	13944	12778	6693	13538	6	7117	13728	10561	266
Met5804	4956	762	311	95	13228	11986	12070	6531	6475	5821	4869	33	23	16	12728	23	12479	6769	4527	25	36	4997	6882	6655	4067	13568	12	33	26	5349	5740	13370	4821	36	12536	12765	11627	11229	1404	10656	3277	3700	10	8	12829	13149	11159	11	10	13725	0	13526	23	7755	39	10045	6643	9879	12251	6874	12762	12678	394	12414	4029	3921	5383	6503	13566	88	13398	1217	5453	5206	6389	11396	7799	6413	5076	665	6698	5428	3	2	12808	13729	13677	13	13	5853	8832	4435	12396	17	13341	12346	6484	12599	9463	6541	12836	9943	13655
Met5805	5857	4909	1690	12	13694	12975	12891	6434	6814	6677	4833	11738	11948	6437	13017	6739	24	7010	5197	6233	3949	5593	7448	6648	4307	22	5859	5495	6391	1465	3171	22	56	5291	13429	13525	13472	11451	7135	11885	276	16	13548	13508	13288	13371	11217	5457	13526	24	13526	0	7250	8320	5854	11432	5969	10259	13023	15	12848	13123	4860	13249	8	278	8	8	16	6795	13766	8040	5910	5663	6689	12541	8728	6733	514	4873	6453	7462	13387	13362	4	24	24	8288	6198	7666	10386	4687	13440	10213	13706	12602	6596	13329	13	6977	13473	10403	252
Met5806	707	99	98	11	870	5794	6009	532	2203	457	432	12	17	10	805	9	6544	570	467	21	15	732	2458	556	499	7288	12	21	42	1606	1828	7155	1287	15	6543	6781	6173	717	148	5314	648	804	33	32	849	6935	5508	11	20	7438	23	7250	0	592	17	684	541	611	808	2418	6708	817	70	6245	951	892	1070	2207	7285	23	930	158	942	442	513	5824	1852	504	499	178	2360	1740	21	27	6769	7436	7340	15	13	750	643	456	6608	7	887	767	2134	6697	4249	523	878	641	7274
Met6291	245	19	707	59	19	6061	6835	19	2921	14	20	6224	5076	26	56	21	7548	64	303	2356	14	175	1466	13	92	8343	1138	1505	2721	2183	2418	8200	1709	20	7657	7830	7067	64	21	6297	812	901	7756	7731	32	7733	6154	20	7730	8464	7755	8320	592	0	36	20	28	62	29	3096	7540	29	15	6688	1447	1224	1069	2933	8350	15	16	19	601	52	19	6848	1584	25	9	1127	2970	2658	7570	7657	7785	8461	8375	1395	1501	581	22	154	2273	3487	30	52	2864	7757	5014	19	39	41	8337
Met7489	174	10	84	12	72	4546	4786	20	1278	12	18	14	19	13	62	6	5200	44	72	21	13	178	1234	21	78	5866	9	34	31	939	1086	5745	736	6	5218	5341	4885	33	23	4210	262	359	36	32	41	5527	4409	6	34	5968	39	5854	17	36	0	42	33	49	50	1655	5390	55	5	4946	473	451	516	1451	5867	4	97	45	374	28	33	4668	1178	38	27	88	1460	1096	29	28	5471	5967	5878	4	6	259	48	84	3524	13	50	49	1287	5293	3315	21	62	39	5847
Met7502	508	15	1172	96	10	6709	7247	11	4684	6	11	8055	6177	18	44	13	10492	62	399	3756	5	504	4627	12	206	11477	2262	2723	4344	3558	3792	11305	2807	9	10122	10448	9283	63	20	8385	2072	2394	10050	10019	26	9096	7244	18	10001	11641	10045	11432	684	20	42	0	34	77	16	4950	8834	25	9	7446	2611	2163	1787	4946	11488	8	15	15	538	35	15	9052	1928	15	6	1773	4316	3714	9782	9942	10755	11640	11549	1735	2103	766	13	188	9984	4250	26	56	4576	10325	7170	8	33	39	11498
Met7520	282	16	352	23	38	4188	5895	18	1372	17	15	5326	4426	26	51	22	5389	57	146	1019	15	340	2141	19	113	5987	1196	769	1185	842	916	5839	757	16	6559	6704	6061	71	27	5314	550	846	6647	6634	41	5184	4130	13	6608	6071	6643	5969	541	28	33	34	0	54	33	1869	5048	37	16	4496	677	554	698	2025	5997	19	41	22	280	32	20	5858	1452	20	3	508	1149	1255	6477	6571	5570	6071	6017	965	1042	489	30	102	6502	3089	40	49	1253	6633	3422	20	53	44	6011
Met7521	573	24	1240	58	80	6595	8617	41	4654	38	30	8142	6146	47	95	42	9454	63	437	3905	25	564	4656	41	235	10292	2687	2846	4416	3450	3716	10123	2682	34	9800	9946	8927	118	57	8213	2154	2479	9891	9863	75	8836	7082	42	9855	10405	9879	10259	611	62	49	77	54	0	72	4594	8745	76	24	7290	2635	2207	1638	4682	10291	40	95	50	786	59	47	8940	1819	46	8	1823	4347	3756	9661	9772	9677	10404	10313	1885	2278	713	56	197	9764	4195	74	96	4546	9860	6620	50	101	85	10279
Met7522	730	10	1624	107	8	8099	10551	5	5925	6	11	9839	7482	29	34	9	12095	76	501	5040	7	675	6049	20	288	13086	3435	3744	5710	4675	4969	12911	3695	12	12012	12321	11103	74	23	10109	2969	3391	12260	12226	18	11116	8850	17	12209	13266	12251	13023	808	29	50	16	33	72	0	6295	10814	11	9	8988	3640	2922	2253	6157	13096	10	37	11	873	55	24	10871	2258	16	4	2382	5633	4833	11946	12119	12298	13268	13161	2262	2921	930	7	276	11865	5135	14	43	5851	12204	8526	13	39	48	13117
Met7523	69	64	116	1	6929	61	6203	1879	2084	2032	1109	5660	5712	1911	6543	2069	12	2180	1161	1737	131	135	602	156	267	11	1517	1101	1932	6	32	1	4	1047	6825	6954	6792	5746	2373	5283	14	3	6892	6858	6694	38	3	1312	6862	6	6874	15	2418	3096	1655	4950	1869	4594	6295	0	2	6474	54	84	3	75	5	6	13	2117	7003	2904	1597	1242	2072	5992	3316	2091	61	29	136	51	6746	6756	15	6	8	1757	78	84	3578	45	6628	4477	6948	6330	2061	6783	2	2212	6759	4330	108
Met7524	29	13	1047	3652	12973	69	11621	6204	6497	5992	4510	10955	10636	5999	12459	6456	11887	6411	4533	5037	45	7	587	17	356	12870	4950	3253	6125	11	100	12363	208	3179	12762	12949	8723	11016	6604	8359	2984	3385	12798	12761	12035	27	65	4448	12768	13038	12762	12848	6708	7540	5390	8834	5048	8745	10814	2	0	11773	32	26	3685	3751	5157	6289	12900	6438	13043	7273	5069	3806	6311	10503	7621	6343	4591	9	37	14	12550	12647	11720	13036	12935	1840	30	41	3809	74	11828	9236	12983	12149	6350	12830	6183	6317	11571	7911	12900
Met7526	816	9	1720	123	15	8893	10927	9	6371	7	12	10296	7802	24	48	10	12162	71	624	5411	9	773	6480	23	333	13160	3632	4002	6112	4969	5373	12994	3858	15	12417	12664	11450	82	28	10562	3079	3490	12695	12662	22	12028	9634	17	12629	13323	12678	13123	817	29	55	25	37	76	11	6474	11773	0	6	9850	3732	3050	2296	6281	13171	11	42	12	1042	58	31	11341	2350	20	2	2650	6231	5387	12378	12547	12408	13324	13225	2574	3225	1025	9	295	12404	5349	19	41	6219	12557	8709	17	48	53	13167
Met8572	7	4	60	22	9	15	4087	21	979	16	20	270	223	7	21	9	4310	44	45	89	4	13	253	8	29	4881	79	30	130	15	45	4713	43	6	4543	4697	3995	16	9	3300	144	209	386	379	10	11	20	5	373	4985	394	4860	70	15	5	9	16	24	9	54	32	6	0	10	268	250	376	998	4876	6	41	9	317	24	35	3828	1031	30	13	10	12	7	350	374	4430	4984	4908	25	15	5	5	15	4534	177	20	26	946	4634	2144	9	24	18	4852
Met8574	10	10	1063	3757	11032	23	11231	5614	6232	5492	4266	10492	10238	5532	10567	5942	12291	5883	4297	4829	25	17	625	15	337	13261	4773	3091	5895	27	126	12742	242	2915	12409	12538	8255	9200	5967	8070	3106	3500	12434	12404	10126	7	57	4107	12407	13430	12414	13249	6245	6688	4946	7446	4496	7290	8988	84	26	9850	10	0	3842	3757	5354	6508	13281	5933	11105	6545	4832	3452	5823	10080	7150	5849	4664	10	13	6	12179	12311	12071	13432	13360	1388	9	5	2791	60	11288	8774	11055	10208	6154	12393	6394	5774	9668	6558	13338
Met8578	333	258	18	1	4006	3685	609	65	38	78	135	3210	3167	598	3778	685	12	316	31	120	133	471	960	683	77	11	171	88	149	17	23	9	7	207	101	3566	3526	3271	889	4	2	2	4035	4012	3875	3875	3078	176	4006	12	4029	8	951	1447	473	2611	677	2635	3640	3	3685	3732	268	3842	0	2	0	0	3	713	4062	1230	111	89	35	3	12	45	17	146	186	576	3930	3940	9	12	15	1061	596	979	2159	96	4018	2378	4016	3649	102	3448	3	171	3930	2565	107
Met8579	347	226	27	4	3196	3642	1822	64	42	49	53	3246	3113	566	3035	630	240	415	9	78	101	446	937	632	127	278	295	16	89	17	35	272	15	240	167	3501	3435	2735	817	69	2	3	3933	3915	3095	3840	3128	120	3920	286	3921	278	892	1224	451	2163	554	2207	2922	75	3751	3050	250	3757	2	0	3	3	272	638	3231	1019	65	179	33	73	41	35	9	124	123	536	3871	3868	265	286	282	986	588	876	1797	164	3979	2347	3201	3004	25	3441	142	121	3139	2106	341
Met8580	707	387	52	3	2471	5124	5030	642	103	61	436	4324	4255	630	2279	684	13	828	62	1090	301	784	1704	720	354	13	889	121	1240	295	638	11	13	405	128	4802	4777	1959	769	6	2	2	5394	5370	2388	5423	4286	325	5369	13	5383	8	1070	1069	516	1787	698	1638	2253	5	5157	2296	376	5354	0	3	0	1	3	716	2543	1001	919	466	51	3	19	67	51	623	1357	1632	5265	5282	10	13	15	1615	1110	1234	1540	377	5436	3117	2494	2181	191	4641	4	139	2423	1612	115
Met8583	1431	1004	106	4	6644	6292	6207	1758	75	123	1000	5376	5380	1733	6303	1864	14	2076	68	1579	662	1347	2350	1882	759	14	1424	97	1720	417	910	12	17	1115	98	5772	5753	5500	2171	3	2	2	6526	6499	6465	6583	5320	837	6495	16	6503	8	2207	2933	1451	4946	2025	4682	6157	6	6289	6281	998	6508	0	3	1	0	3	1895	6712	2664	1492	1312	70	2	21	75	118	1035	1906	2379	6391	6409	10	17	17	2605	1659	2383	4166	981	6559	4234	6659	6109	163	5643	4	303	6542	4569	116
Met8586	5858	4924	1698	11	13772	13030	12912	6461	6854	6703	4849	11741	11990	6473	13083	6784	23	7023	5232	6266	3964	5595	7476	6679	4310	20	5877	5509	6425	1471	3181	20	56	5322	13482	13586	13523	11470	7162	11913	272	9	13604	13561	13358	13423	11256	5468	13580	22	13566	16	7285	8350	5867	11488	5997	10291	13096	13	12900	13171	4876	13281	3	272	3	3	0	6832	13846	8108	5937	5670	6707	12558	8765	6752	507	4892	6496	7498	13428	13407	15	22	22	8324	6223	7686	10444	4700	13470	10239	13777	12640	6625	13391	12	7003	13538	10426	253
Met8592	354	10	103	49	8	5443	5790	16	1901	4	20	38	48	5	25	6	6125	50	125	59	5	345	2185	22	149	6825	41	90	103	1350	1558	6712	1011	5	6260	6490	5926	44	13	5067	457	580	76	76	10	6677	5249	2	57	6973	88	6795	23	15	4	8	19	40	10	2117	6438	11	6	5933	713	638	716	1895	6832	0	12	8	520	36	36	5551	1416	25	11	190	2084	1549	54	68	6339	6975	6867	16	30	373	14	99	6270	30	7	29	1898	6402	3904	8	29	22	6823
Met8596	1004	53	1870	232	14	10102	11525	26	6868	21	46	10769	8222	62	69	38	12835	126	741	5830	47	971	7119	14	383	13826	3926	4343	6566	5377	5824	13689	4156	32	13127	13409	12183	119	29	11177	3340	3764	13418	13381	27	13453	10638	50	13330	14045	13398	13766	930	16	97	15	41	95	37	7003	13043	42	41	11105	4062	3231	2543	6712	13846	12	0	22	1129	85	67	11922	2556	50	18	2940	6878	5979	13063	13255	13014	14049	13942	2952	3602	1269	28	367	13053	5657	24	72	6711	13260	9162	33	41	55	13875
Met8597	446	10	372	75	6	6015	6483	19	2644	8	22	912	665	10	39	8	7341	83	191	706	6	429	2835	21	190	8094	456	604	840	1951	2173	7993	1495	10	7113	7335	6656	79	18	5806	901	1070	1219	1213	10	7539	5919	10	1157	8277	1217	8040	158	19	45	15	22	50	11	2904	7273	12	9	6545	1230	1019	1001	2664	8108	8	22	0	583	54	49	6318	1596	30	14	510	2756	2100	1135	1195	7523	8279	8171	272	423	487	13	129	7179	507	1	29	2528	7236	4801	18	31	31	8096
Met8602	185	222	192	75	1095	4598	26	12	232	294	1	4355	3927	424	1075	521	5045	7	18	130	20	581	1553	534	15	5924	90	160	136	79	72	5798	335	83	5340	5452	4895	970	502	4243	64	85	5458	5438	1015	5254	4224	175	5418	5991	5453	5910	942	601	374	538	280	786	873	1597	5069	1042	317	4832	111	65	919	1492	5937	520	1129	583	0	7	547	4674	1649	550	41	154	226	577	5290	5370	5524	5994	5973	1037	954	889	630	36	5214	2936	1114	1033	135	5334	3348	531	992	776	5925
Met8603	51	11	170	24	60	3240	23	24	727	26	12	4122	3569	34	73	32	4873	12	63	444	12	217	1235	30	9	5670	44	259	607	402	432	5486	420	19	5134	5261	4665	86	36	4019	25	31	5207	5188	65	3945	3167	18	5176	5696	5206	5663	442	52	28	35	32	59	55	1242	3806	58	24	3452	89	179	466	1312	5670	36	85	54	7	0	45	4488	1171	48	22	233	546	650	5062	5121	5273	5693	5700	622	587	364	46	25	5054	2529	79	63	683	5186	3034	36	78	44	5648
Met8605	322	36	200	82	37	5395	5763	36	35	4	37	5086	4360	40	38	46	6006	112	7	1306	39	400	2197	48	126	6696	1035	15	1733	1303	1549	6543	1002	22	89	5761	5248	34	16	3	26	26	6394	6380	30	6559	5183	11	6367	6780	6389	6689	513	19	33	15	20	47	24	2072	6311	31	35	5823	35	33	51	70	6707	36	67	49	547	45	0	3	4	2	44	710	2032	1908	6211	6330	6253	6779	6740	1172	1145	570	49	108	6252	3001	53	35	68	5680	3798	2	49	21	6697
Met8610	4029	3765	1179	3375	11853	9698	11061	5358	20	25	4170	9872	9456	5226	11385	5552	11547	5920	5	4616	3035	4217	5894	5443	3390	12545	4446	6	5405	4622	4977	12306	4209	3835	145	10366	9313	10166	5745	8	7	3	11415	11387	11394	10744	9178	1561	11402	12631	11396	12541	5824	6848	4668	9052	5858	8940	10871	5992	10503	11341	3828	10080	3	73	3	2	12558	5551	11922	6318	4674	4488	3	0	4	2	4411	3812	5640	5639	11170	11312	11876	12629	12590	5295	4544	5565	7797	3908	11441	8182	11884	11167	135	10299	8448	220	11436	8912	12540
Met8611	1321	1007	478	1082	2503	6724	7162	1338	23	16	1128	6357	5717	1320	2379	1416	7944	1532	7	2213	861	1433	3262	1410	1015	8761	1971	8	2745	2278	2546	8606	1952	1023	112	7090	6355	1996	1381	7	13	9	7808	7789	2384	7911	6358	368	7792	8871	7799	8728	1852	1584	1178	1928	1452	1819	2258	3316	7621	2350	1031	7150	12	41	19	21	8765	1416	2556	1596	1649	1171	4	4	0	5	1323	1593	3046	2948	7603	7717	8179	8869	8833	2219	2093	1874	1774	1101	7643	4337	2536	2254	85	6992	5320	96	2400	1875	8792
Met8612	312	33	201	86	21	5410	5758	37	40	5	44	5090	4365	35	38	31	6042	98	14	1308	32	395	2200	42	125	6745	1046	21	1742	1299	1559	6573	1014	20	91	5779	5256	34	18	4	37	38	6411	6398	31	6581	5204	10	6378	6805	6413	6733	504	25	38	15	20	46	16	2091	6343	20	30	5849	45	35	67	75	6752	25	50	30	550	48	2	2	5	0	47	712	2027	1909	6230	6350	6291	6805	6790	1181	1147	564	48	105	6274	3003	39	34	82	5696	3825	3	43	18	6743
Met8616	270	11	51	16	5	4457	4526	5	153	8	52	4007	3809	20	10	11	442	85	12	83	37	441	1382	9	115	490	657	141	98	18	24	492	17	9	4973	5061	4982	28	4	4053	48	42	5082	5050	8	4789	3732	17	5029	514	5076	514	499	9	27	6	3	8	4	61	4591	2	13	4664	17	9	51	118	507	11	18	14	41	22	44	4411	1323	47	0	101	143	557	4965	4995	474	512	518	1045	820	556	6	61	4932	2610	5	6	109	4971	238	8	23	10	606
Met8623	6	8	55	57	2887	27	4097	149	318	537	122	481	470	105	2751	174	4317	778	75	33	8	12	254	23	48	4893	128	31	44	5	23	4735	32	46	4540	4632	3886	2358	378	3304	83	210	679	669	2692	11	27	50	665	4983	665	4873	178	1127	88	1773	508	1823	2382	29	9	2650	10	10	146	124	623	1035	4892	190	2940	510	154	233	710	3812	1593	712	101	0	8	5	627	645	4441	4982	4915	53	2	8	900	18	4428	366	2901	2643	226	4581	2248	754	2689	1719	4868
Met8625	28	8	145	164	6816	31	5844	187	315	1639	163	5450	5223	1753	6460	2072	5781	2042	112	138	43	36	397	62	156	6494	1306	92	172	13	23	6318	60	651	6713	6739	5404	5634	2259	4752	172	563	6717	6687	6367	6	38	704	6710	6618	6698	6453	2360	2970	1460	4316	1149	4347	5633	136	37	6231	12	13	186	123	1357	1906	6496	2084	6878	2756	226	546	2032	5640	3046	2027	143	8	0	11	6538	6631	5891	6616	6513	907	14	19	2472	29	6403	4247	6790	6250	165	6628	3040	2140	6299	4072	6476
Met8626	15	4	196	379	5913	26	5997	620	905	1546	492	4397	4106	1254	5632	1532	6716	1992	440	405	10	10	379	13	147	7478	1220	261	529	11	38	7229	80	535	6807	6900	5293	4863	1754	4709	423	800	5442	5420	5499	1	36	598	5414	7610	5428	7462	1740	2658	1096	3714	1255	3756	4833	51	14	5387	7	6	576	536	1632	2379	7498	1549	5979	2100	577	650	1908	5639	2948	1909	557	5	11	0	5284	5371	6788	7609	7531	470	7	8	1868	36	6391	3270	5934	5460	837	6811	3481	1982	5400	3526	7493
Met8638	4817	708	303	32	12896	11752	11835	6352	6324	5636	4736	33	21	16	12425	13	12336	6581	4397	20	17	4875	6729	6474	3955	13423	10	26	18	5268	5645	13208	4754	22	12283	12228	11100	10992	1353	10445	3204	3610	12	12	12512	12911	10980	7	13	13561	3	13387	21	7570	29	9782	6477	9661	11946	6746	12550	12378	350	12179	3930	3871	5265	6391	13428	54	13063	1135	5290	5062	6211	11170	7603	6230	4965	627	6538	5284	0	2	12678	13557	13522	16	10	5689	8565	4325	12194	18	13009	12074	6312	12076	9345	6342	12513	9721	13493
Met8639	4885	737	308	52	13088	11870	11957	6457	6395	5747	4802	32	22	14	12616	17	12328	6685	4470	21	26	4940	6798	6586	4002	13390	10	28	18	5293	5691	13180	4763	34	12422	12611	11497	11144	1380	10583	3212	3613	10	9	12707	13026	11054	6	10	13541	2	13362	27	7657	28	9942	6571	9772	12119	6756	12647	12547	374	12311	3940	3868	5282	6409	13407	68	13255	1195	5370	5121	6330	11312	7717	6350	4995	645	6631	5371	2	0	12663	13539	13483	13	11	5781	8732	4384	12270	21	13200	12218	6399	12480	9348	6474	12739	9862	13455
Met8641	5358	4484	1560	12	12945	11815	12231	6012	6352	6233	4516	11102	11308	5992	12308	6281	22	6566	4829	5799	3620	5093	6808	6062	3941	21	5466	5069	5955	1323	2900	22	53	4893	12712	12759	12703	10895	6688	11221	250	15	12837	12794	12566	12169	10201	5046	12810	24	12808	4	6769	7785	5471	10755	5570	9677	12298	15	11720	12408	4430	12071	9	265	10	10	15	6339	13014	7523	5524	5273	6253	11876	8179	6291	474	4441	5891	6788	12678	12663	0	24	24	7674	5666	6972	9686	4313	12713	9624	12956	11943	6174	12589	14	6525	12766	9821	242
Met8644	6005	5057	1751	10	13977	13189	13038	6551	7013	6842	4926	11794	12145	6591	13250	6902	33	7117	5339	6400	4097	5730	7621	6832	4403	19	5987	5661	6560	1483	3207	8	49	5426	13639	13703	13637	11534	7273	12011	289	20	13753	13709	13526	13582	11356	5581	13733	0	13729	24	7436	8461	5967	11640	6071	10404	13268	6	13036	13324	4984	13432	12	286	13	17	22	6975	14049	8279	5994	5693	6779	12629	8869	6805	512	4982	6616	7609	13557	13539	24	0	0	8453	6344	7846	10630	4782	13612	10332	13946	12782	6693	13536	6	7117	13729	10561	267
Met8646	5918	4964	1703	11	13867	13102	12986	6481	6881	6735	4881	11785	12065	6498	13133	6815	22	7072	5255	6302	3996	5649	7541	6725	4345	20	5911	5563	6465	1475	3182	9	50	5352	13588	13716	13645	11474	7170	11971	295	23	13704	13661	13433	13511	11282	5510	13680	0	13677	24	7340	8375	5878	11549	6017	10313	13161	8	12935	13225	4908	13360	15	282	15	17	22	6867	13942	8171	5973	5700	6740	12590	8833	6790	518	4915	6513	7531	13522	13483	24	0	0	8386	6268	7749	10523	4709	13487	10292	13857	12669	6684	13480	8	7039	13617	10448	260
Met8649	190	52	102	48	2871	1162	5649	1052	2010	953	689	22	20	8	2785	7	7477	1234	577	9	5	168	1135	164	215	8332	3	23	12	860	893	8096	842	6	6267	6417	5244	2382	310	4595	677	881	17	11	2656	1891	1514	3	15	8448	13	8288	15	1395	4	1735	965	1885	2262	1757	1840	2574	25	1388	1061	986	1615	2605	8324	16	2952	272	1037	622	1172	5295	2219	1181	1045	53	907	470	16	13	7674	8453	8386	0	3	202	613	149	5985	17	2918	2625	2022	6322	4563	1174	2555	1695	8353
Met8650	13	12	72	35	3531	12	4945	1062	1453	964	633	12	14	11	3373	20	5536	1175	501	7	5	25	275	36	90	6234	1	20	9	14	46	6008	81	11	5488	5629	4505	2956	380	3861	321	439	16	13	3348	6	23	7	10	6344	13	6198	13	1501	6	2103	1042	2278	2921	78	30	3225	15	9	596	588	1110	1659	6223	30	3602	423	954	587	1145	4544	2093	1147	820	2	14	7	10	11	5666	6344	6268	3	0	7	912	23	5040	11	3570	3267	1464	5542	2881	1183	3219	2107	6221
Met8651	6	8	203	317	1219	14	5938	587	2171	489	428	4630	3964	321	1140	378	6936	673	491	1226	9	6	363	11	78	7694	1004	472	1732	23	68	7434	118	175	6784	6966	5347	922	374	4702	614	761	5849	5833	1069	3	29	236	5825	7846	5853	7666	750	581	259	766	489	713	930	84	41	1025	5	5	979	876	1234	2383	7686	373	1269	487	889	364	570	5565	1874	564	556	8	19	8	5689	5781	6972	7846	7749	202	7	0	314	26	6147	2802	1240	1037	2135	6857	3449	573	1035	686	7710
Met8653	265	10	817	114	2	2353	7710	13	3862	11	21	7015	5534	26	37	15	9560	83	272	2820	5	158	2457	11	127	10440	1899	1815	3429	2339	2372	10271	1991	14	8948	9106	7806	87	20	7008	1603	1878	8843	8816	12	3951	3138	18	8782	10628	8832	10386	643	22	48	13	30	56	7	3578	3809	9	5	2791	2159	1797	1540	4166	10444	14	28	13	630	46	49	7797	1774	48	6	900	2472	1868	8565	8732	9686	10630	10523	613	912	314	0	137	8341	3828	11	40	3732	8996	6134	18	29	35	10456
Met8654	17	19	93	61	335	61	200	118	992	105	26	3549	3150	98	318	106	4033	33	130	581	20	20	239	20	16	4699	71	228	822	16	43	4534	53	38	4571	4661	3941	267	116	3349	45	41	4427	4414	315	62	46	58	4417	4782	4435	4687	456	154	84	188	102	197	276	45	74	295	15	60	96	164	377	981	4700	99	367	129	36	25	108	3908	1101	105	61	18	29	36	4325	4384	4313	4782	4709	149	23	26	137	0	4467	2205	345	291	946	4619	2090	112	329	212	4658
Met8655	1327	4452	3223	3804	12978	10883	11834	6294	6441	5954	4711	10707	10385	5840	12462	6282	12396	6592	4666	5649	3632	4	7	6134	3	13454	2274	4403	6061	5191	5573	13259	4722	4549	12487	12495	11261	10978	6505	10590	59	58	12421	12381	12461	12063	10360	4574	12424	13613	12396	13440	6608	2273	3524	9984	6502	9764	11865	6628	11828	12404	4534	11288	4018	3979	5436	6559	13470	6270	13053	7179	5214	5054	6252	11441	7643	6274	4932	4428	6403	6391	12194	12270	12713	13612	13487	5985	5040	6147	8341	4467	0	8993	12922	12197	6352	12416	9391	6493	12401	9816	13452
Met8661	2500	336	185	9	5554	8337	8567	3062	4052	2682	2407	20	9	8	5354	8	9314	3218	2250	21	17	2578	4332	3097	2072	10241	8	12	21	3332	3609	10032	2950	16	9031	9247	8387	4749	596	7562	1872	2161	24	24	5393	9482	7902	10	19	10336	17	10213	7	3487	13	4250	3089	4195	5135	4477	9236	5349	177	8774	2378	2347	3117	4234	10239	30	5657	507	2936	2529	3001	8182	4337	3003	2610	366	4247	3270	18	21	9624	10332	10292	17	11	2802	3828	2205	8993	0	5634	5192	4024	9142	6744	3059	5417	4291	10234
Met8662	975	31	1837	198	10	10052	11474	13	6745	4	18	10733	8194	42	34	10	12753	101	699	5787	24	930	7073	20	378	13760	3896	4313	6487	5333	5781	13588	4114	22	13079	13363	12145	54	30	11139	3315	3710	13351	13319	8	13395	10593	33	13288	13944	13341	13706	887	30	50	26	40	74	14	6948	12983	19	20	11055	4016	3201	2494	6659	13777	7	24	1	1114	79	53	11884	2536	39	5	2901	6790	5934	13009	13200	12956	13946	13857	2918	3570	1240	11	345	12922	5634	0	50	6654	13215	9114	20	36	51	13835
Met8665	822	26	1715	100	46	9240	10743	29	6278	23	23	10128	7594	39	66	29	11686	61	620	5361	18	808	6485	44	334	12625	3601	3987	6034	4938	5369	12459	3823	28	12119	12324	11224	88	50	10374	3034	3416	12360	12328	54	12357	9933	28	12312	12778	12346	12602	767	52	49	56	49	96	43	6330	12149	41	26	10208	3649	3004	2181	6109	12640	29	72	29	1033	63	35	11167	2254	34	6	2643	6250	5460	12074	12218	11943	12782	12669	2625	3267	1037	40	291	12197	5192	50	0	6134	12246	8435	38	79	78	12609
Met8699	1165	759	137	154	6638	5928	6020	114	57	80	123	5263	5026	1565	6300	1876	5900	2107	11	106	528	1219	2219	1915	746	6612	1302	19	111	76	72	6501	442	830	197	5866	5285	5514	2051	138	77	102	6487	6454	6363	6573	5361	224	6429	6693	6484	6596	2134	2864	1287	4576	1253	4546	5851	2061	6350	6219	946	6154	102	25	191	163	6625	1898	6711	2528	135	683	68	135	85	82	109	226	165	837	6312	6399	6174	6693	6684	2022	1464	2135	3732	946	6352	4024	6654	6134	0	5754	3810	252	6370	4493	6639
Met8703	4893	4522	2985	3792	13196	12050	12229	6378	5847	5275	4807	10846	10540	5985	12689	6396	12378	6756	4273	5716	3666	5066	6927	6567	3984	13366	5046	4020	6194	5211	5647	13206	4734	4581	11216	18	25	11158	6556	9656	2857	3206	12604	12577	12666	13180	11232	4262	12589	13538	12599	13329	6697	7757	5293	10325	6633	9860	12204	6783	12830	12557	4634	12393	3448	3441	4641	5643	13391	6402	13260	7236	5334	5186	5680	10299	6992	5696	4971	4581	6628	6811	12076	12480	12589	13536	13480	6322	5542	6857	8996	4619	12416	9142	13215	12246	5754	0	9375	5735	12696	9999	13416
Met8721	2611	2152	781	1	9103	6219	8817	3631	3929	3768	2587	8145	8152	3668	8628	3857	12	4017	2732	3656	1797	2582	3701	2983	2036	10	3346	2898	3815	689	1478	0	27	2762	9156	9510	9431	7689	4194	7791	131	6	9488	9457	8820	6428	5317	2972	9463	6	9463	13	4249	5014	3315	7170	3422	6620	8526	2	6183	8709	2144	6394	3	142	4	4	12	3904	9162	4801	3348	3034	3798	8448	5320	3825	238	2248	3040	3481	9345	9348	14	6	8	4563	2881	3449	6134	2090	9391	6744	9114	8435	3810	9375	0	3971	8940	6566	176
Met8727	331	12	231	52	5	5327	5917	8	242	1	14	5179	4403	27	31	14	6292	64	31	1422	11	386	2320	17	103	6998	1076	126	1859	1411	1655	6856	1076	6	382	5812	5303	33	13	218	129	147	6539	6525	18	6567	5161	14	6500	7117	6541	6977	523	19	21	8	20	50	13	2212	6317	17	9	5774	171	121	139	303	7003	8	33	18	531	36	2	220	96	3	8	754	2140	1982	6342	6474	6525	7117	7039	1174	1183	573	18	112	6493	3059	20	38	252	5735	3971	0	24	18	7001
Met8730	822	29	1763	189	28	8744	11005	36	6525	24	32	10314	7839	53	76	36	12566	103	621	5539	25	743	6518	25	333	13513	3700	4122	6260	5136	5486	13364	4006	31	12563	12813	11600	93	44	10681	3212	3644	12852	12829	37	11936	9491	40	12783	13728	12836	13473	878	39	62	33	53	101	39	6759	11571	48	24	9668	3930	3139	2423	6542	13538	29	41	31	992	78	49	11436	2400	43	23	2689	6299	5400	12513	12739	12766	13729	13617	2555	3219	1035	29	329	12401	5417	36	79	6370	12696	8940	24	0	30	13540
Met8732	539	19	1154	70	41	5969	8694	22	4639	17	21	8163	6201	31	67	22	9599	59	437	3837	17	515	4335	26	215	10414	2635	2710	4432	3270	3521	10236	2581	19	9783	10050	8947	79	34	8139	2092	2394	9957	9938	51	8049	6450	27	9905	10561	9943	10403	641	41	39	39	44	85	48	4330	7911	53	18	6558	2565	2106	1612	4569	10426	22	55	31	776	44	21	8912	1875	18	10	1719	4072	3526	9721	9862	9821	10561	10448	1695	2107	686	35	212	9816	4291	51	78	4493	9999	6566	18	30	0	10373
Reference	5875	4906	1711	106	13799	13062	12939	6437	6837	6703	4828	11740	12007	6446	13074	6777	218	7021	5216	6251	3934	5592	7487	6678	4300	244	5865	5501	6410	1544	3222	259	130	5299	13559	13669	13594	11462	7131	11920	390	112	13677	13632	13391	13456	11231	5460	13651	266	13655	252	7274	8337	5847	11498	6011	10279	13117	108	12900	13167	4852	13338	107	341	115	116	253	6823	13875	8096	5925	5648	6697	12540	8792	6743	606	4868	6476	7493	13493	13455	242	267	260	8353	6221	7710	10456	4658	13452	10234	13835	12609	6639	13416	176	7001	13540	10373	0
